Total: 12624
Mean: 149.00267347908746
Median: 147.75
Mode: 123.75
Standard Deviation: 130.41441961308894
Variance: 17007.920843018837

Execution time: 0.16590356826782227